Capstone Two: Dog Adoption Patterns

Model: Random Forest Model,
n_estimators=100

dogTravel:
Accuracy: 0.70445
Precision: 0.70445
Recall: 0.70445
F1-score: 0.704453
ROC-AUC: 0.92050
Mean cross-validation score: 0.706926

allDogs:
Accuracy: 0.41869
Precision: 0.41869
Recall: 0.41869
F1-score: 0.41869
ROC-AUC: 0.82362
Mean cross-validation score: 0.305397